INKI1032.Borjan


 Sortiran vektor so vrednosti : 
	35 	35 	35 	35 	35 	35 	35 	35 	35 	35 
	35 	35 	35 	35 	35 	35 	35 	35 	35 	35 
	35 	35 	35 	35 	35 	35 	35 	35 	35 	35 
	35 	35 	35 	35 	35 	35 	35 	43 	47 	47 
	68 	76 	76 	76 	76 	90 	90 	92 	100 	100 
	100 	100 	100 	100 	100 	100 	100 	100 	100 	100 
	100 	100 	101 	101 	102 	102 	103 	103 	103 	104 
	104 	104 	104 	104 	104 	104 	104 	104 	104 	104 
	104 	104 	104 	104 	105 	106 	106 	106 	106 	106 
	107 	107 	107 	108 	108 	108 	108 	108 	111 	111 
	111 	111 	111 	111 	111 	111 	111 	111 	111 	112 
	112 	112 	113 	113 	113 	113 	113 	113 	113 	113 
	113 	114 	114 	114 	114 	114 	114 	114 	114 	114 
	114 	117 	118 	118 	118 	119 	119 	119 	119 	119 
	119 	120 	120 	120 	120 	120 	120 	121 	122 	122 
	122 	122 	124 	124 	124 	124 	124 	124 	124 	124 
	